77,3
77,2
77,1
77,0
3,2
10,150
10,306
10,168
10,114
10,240
10,166
10,158
10,264
11,27
9,6
9,4
8,12
8,6
8,13
8,9
8,2
8,3
67,4
67,3
67,2
67,1
66,4
66,3
66,1
64,5
64,4
64,3
64,2
64,1
24,3
24,2
24,1
20,2
20,1
12,3
20,3
12,2
12,1
11,30
11,29
11,28
11,26
11,25
11,22
11,21
11,20
11,19
11,18
11,17
11,16
11,15
11,14
11,13
11,12
11,11
11,10
11,9
11,8
11,7
19,2
19,1
11,6
11,3
11,2
19,3
11,1
10,313
10,301
10,285
10,277
10,273
10,271
10,265
10,235
10,227
10,219
10,215
10,213
10,209
10,179
10,171
10,169
10,167
10,159
10,157
10,151
10,133
10,123
10,121
10,107
10,103
10,101
18,1
10,99
18,3
10,77
10,31
10,27
14,1
10,11
10,3
10,2
14,3
13,1
